20
1000000000 100000
99999 1 99999 100000
22 21
1 4 869 22
840698758 13331
8 7 10 999955808
198 81
8 5 7 83495
110 53
7 7 1 64417
693840425 90561
2 6 7 999957328
1000000000 1
12 7 74 12
497151700 96511
9 7 6 999919625
218492221 46085
3 7 1 999969453
137 49
48 17 461 137
73 26
5 8 4 54214
977365070 59489
8 5 9 999966210
1000000000 100000
999999999 1 999999999 1000000000
28 21
6 5 1 85919
66 39
35 2 589 66
46 18
7 11 9 46
640834505 28785
3 9 1 999946125
254 99
1 8 9 74990
232959116 56689
4 9 1 999903057
1000000000 100000
1 1 0 2
